00111100000000000000000000000000
00111100000000001001111001001000
00111100000000001010001001001000
00111100000000001010010010110110
00111011111111111010011001001000
00111011111111111010011111011010
00111011111111111010100010110110
00111011111111101010100101111111
00111011111111101010101001001000
00111011111111011010101100010001
00111011111111001010101111011001
00111011111110111010110001010001
00111011111110101010110010110101
00111011111110011010110100011010
00111011111110001010110101111110
00111011111101111010110111100010
00111011111101101010111001000110
00111011111101011010111010101010
00111011111101001010111100001110
00111011111100101010111101110010
00111011111100011010111111010110
00111011111011111011000000011101
00111011111011011011000001001110
00111011111011001011000010000000
00111011111010101011000010110010
00111011111010001011000011100100
00111011111001101011000100010101
00111011111001001011000101000111
00111011111000101011000101111001
00111011111000001011000110101010
00111011110111011011000111011011
00111011110110111011001000001101
00111011110110011011001000111110
00111011110101101011001001101111
00111011110101001011001010100001
00111011110100011011001011010010
00111011110011101011001100000011
00111011110010111011001100110100
00111011110010011011001101100101
00111011110001101011001110010110
00111011110000111011001111000110
00111011110000001011001111110111
00111011101111001011010000010100
00111011101110011011010000101100
00111011101101101011010001000100
00111011101100101011010001011101
00111011101011111011010001110101
00111011101010111011010010001101
00111011101010001011010010100101
00111011101001001011010010111101
00111011101000001011010011010101
00111011100111011011010011101101
00111011100110011011010100000101
00111011100101011011010100011101
00111011100100011011010100110100
00111011100011001011010101001100
00111011100010001011010101100100
00111011100001001011010101111100
00111011100000001011010110010011
00111011011110111011010110101011
00111011011101111011010111000010
00111011011100101011010111011010
00111011011011101011010111110001
00111011011010011011011000001000
00111011011001001011011000011111
00111011010111111011011000110111
00111011010110101011011001001110
00111011010101011011011001100101
00111011010100001011011001111100
00111011010010111011011010010011
00111011010001101011011010101010
00111011010000011011011011000001
00111011001110111011011011010111
00111011001101101011011011101110
00111011001100001011011100000101
00111011001010111011011100011011
00111011001001011011011100110010
00111011001000001011011101001000
00111011000110101011011101011110
00111011000101001011011101110101
00111011000011101011011110001011
00111011000010001011011110100001
00111011000000101011011110110111
00111010111111001011011111001101
00111010111101101011011111100011
00111010111100001011011111111001
00111010111010011011100000000111
00111010111000111011100000010010
00111010110111011011100000011101
00111010110101101011100000101000
00111010110100001011100000110010
00111010110010011011100000111101
00111010110000101011100001001000
00111010101111001011100001010010
00111010101101011011100001011101
00111010101011101011100001100111
00111010101001111011100001110010
00111010101000001011100001111100
00111010100110011011100010000111
00111010100100101011100010010001
00111010100010101011100010011011
00111010100000111011100010100110
00111010011111001011100010110000
00111010011101001011100010111010
00111010011011011011100011000100
00111010011001011011100011001110
00111010010111101011100011011000
00111010010101101011100011100010
00111010010011111011100011101100
00111010010001111011100011110110
00111010001111111011100100000000
00111010001101111011100100001001
00111010001011111011100100010011
00111010001001111011100100011101
00111010000111111011100100100111
00111010000101111011100100110000
00111010000011111011100100111010
00111010000001111011100101000011
00111001111111101011100101001101
00111001111101101011100101010110
00111001111011011011100101011111
00111001111001011011100101101001
00111001110111001011100101110010
00111001110101001011100101111011
00111001110010111011100110000100
00111001110000111011100110001101
00111001101110101011100110010110
00111001101100011011100110011111
00111001101010001011100110101000
00111001100111111011100110110001
00111001100101101011100110111010
00111001100011011011100111000011
00111001100001001011100111001011
00111001011110111011100111010100
00111001011100101011100111011100
00111001011010011011100111100101
00111001010111111011100111101101
00111001010101101011100111110110
00111001010011011011100111111110
00111001010000111011101000000111
00111001001110101011101000001111
00111001001100001011101000010111
00111001001001111011101000011111
00111001000111011011101000100111
00111001000100111011101000101111
00111001000010011011101000110111
00111001000000001011101000111111
00111000111101101011101001000111
00111000111011001011101001001111
00111000111000101011101001010110
00111000110110001011101001011110
00111000110011101011101001100101
00111000110001001011101001101101
00111000101110101011101001110100
00111000101100001011101001111100
00111000101001101011101010000011
00111000100110111011101010001010
00111000100100011011101010010010
00111000100001111011101010011001
00111000011111001011101010100000
00111000011100101011101010100111
00111000011001111011101010101110
00111000010111011011101010110101
00111000010100101011101010111100
00111000010010001011101011000010
00111000001111011011101011001001
00111000001100101011101011010000
00111000001010001011101011010110
00111000000111011011101011011101
00111000000100101011101011100011
00111000000001111011101011101001
00110111111110011011101011110000
00110111111000111011101011110110
00110111110011011011101011111100
00110111101101111011101100000010
00110111101000011011101100001000
00110111100010111011101100001110
00110111011101011011101100010100
00110111010111101011101100011010
00110111010010001011101100100000
00110111001100101011101100100101
00110111000110111011101100101011
00110111000001011011101100110000
00110110111011101011101100110110
00110110110101111011101100111011
00110110110000011011101101000001
00110110101010101011101101000110
00110110100100111011101101001011
00110110011111001011101101010000
00110110011001011011101101010101
00110110010011101011101101011010
00110110001101111011101101011111
00110110000111111011101101100100
00110110000010001011101101101001
00110101111100011011101101101110
00110101110110101011101101110010
00110101110000101011101101110111
00110101101010111011101101111011
00110101100100111011101110000000
00110101011111001011101110000100
00110101011001001011101110001000
00110101010011001011101110001100
00110101001101001011101110010001
00110101000111011011101110010101
00110101000001011011101110011001
00110100111011011011101110011101
00110100110101011011101110100000
00110100101111011011101110100100
00110100101001011011101110101000
00110100100011011011101110101011
00110100011101011011101110101111
00110100010111011011101110110010
00110100010001001011101110110110
00110100001011001011101110111001
00110100000101001011101110111100
00110011111101111011101111000000
00110011110001101011101111000011
00110011100101101011101111000110
00110011011001011011101111001001
00110011001101001011101111001011
00110011000000111011101111001110
00110010110100101011101111010001
00110010101000011011101111010100
00110010011011111011101111010110
00110010001111101011101111011001
00110010000011011011101111011011
00110001110110111011101111011101
00110001101010101011101111100000
00110001011110011011101111100010
00110001010001111011101111100100
00110001000101011011101111100110
00110000111001001011101111101000
00110000101100101011101111101010
00110000100000001011101111101100
00110000010011101011101111101101
00110000000111011011101111101111
00101111110101101011101111110001
00101111011100101011101111110010
00101111000011101011101111110100
00101110101010101011101111110101
00101110010001101011101111110110
00101101111000101011101111110111
00101101011111101011101111111000
00101101000110101011101111111001
00101100101101011011101111111010
00101100010100011011101111111011
00101011110110011011101111111100
00101011000100011011101111111101
00101010010010001011101111111110
00101001011111111011101111111110
00101000101101101011101111111111
00100111110110101011101111111111
00100110010010001011101111111111
00100100101101101011110000000000
00100010010010001011110000000000
00011110010010001011110000000000
00000000000000001011110000000000
10011110010010001011110000000000
10100010010010001011110000000000
10100100101101101011110000000000
10100110010010001011101111111111
10100111110110101011101111111111
10101000101101101011101111111111
10101001011111111011101111111110
10101010010010001011101111111110
10101011000100011011101111111101
10101011110110011011101111111100
10101100010100011011101111111011
10101100101101011011101111111010
10101101000110101011101111111001
10101101011111101011101111111000
10101101111000101011101111110111
10101110010001101011101111110110
10101110101010101011101111110101
10101111000011101011101111110100
10101111011100101011101111110010
10101111110101101011101111110001
10110000000111011011101111101111
10110000010011101011101111101101
10110000100000001011101111101100
10110000101100101011101111101010
10110000111001001011101111101000
10110001000101011011101111100110
10110001010001111011101111100100
10110001011110011011101111100010
10110001101010101011101111100000
10110001110110111011101111011101
10110010000011011011101111011011
10110010001111101011101111011001
10110010011011111011101111010110
10110010101000011011101111010100
10110010110100101011101111010001
10110011000000111011101111001110
10110011001101001011101111001011
10110011011001011011101111001001
10110011100101101011101111000110
10110011110001101011101111000011
10110011111101111011101111000000
10110100000101001011101110111100
10110100001011001011101110111001
10110100010001001011101110110110
10110100010111011011101110110010
10110100011101011011101110101111
10110100100011011011101110101011
10110100101001011011101110101000
10110100101111011011101110100100
10110100110101011011101110100000
10110100111011011011101110011101
10110101000001011011101110011001
10110101000111011011101110010101
10110101001101001011101110010001
10110101010011001011101110001100
10110101011001001011101110001000
10110101011111001011101110000100
10110101100100111011101110000000
10110101101010111011101101111011
10110101110000101011101101110111
10110101110110101011101101110010
10110101111100011011101101101110
10110110000010001011101101101001
10110110000111111011101101100100
10110110001101111011101101011111
10110110010011101011101101011010
10110110011001011011101101010101
10110110011111001011101101010000
10110110100100111011101101001011
10110110101010101011101101000110
10110110110000011011101101000001
10110110110101111011101100111011
10110110111011101011101100110110
10110111000001011011101100110000
10110111000110111011101100101011
10110111001100101011101100100101
10110111010010001011101100100000
10110111010111101011101100011010
10110111011101011011101100010100
10110111100010111011101100001110
10110111101000011011101100001000
10110111101101111011101100000010
10110111110011011011101011111100
10110111111000111011101011110110
10110111111110011011101011110000
10111000000001111011101011101001
10111000000100101011101011100011
10111000000111011011101011011101
10111000001010001011101011010110
10111000001100101011101011010000
10111000001111011011101011001001
10111000010010001011101011000010
10111000010100101011101010111100
10111000010111011011101010110101
10111000011001111011101010101110
10111000011100101011101010100111
10111000011111001011101010100000
10111000100001111011101010011001
10111000100100011011101010010010
10111000100110111011101010001010
10111000101001101011101010000011
10111000101100001011101001111100
10111000101110101011101001110100
10111000110001001011101001101101
10111000110011101011101001100101
10111000110110001011101001011110
10111000111000101011101001010110
10111000111011001011101001001111
10111000111101101011101001000111
10111001000000001011101000111111
10111001000010011011101000110111
10111001000100111011101000101111
10111001000111011011101000100111
10111001001001111011101000011111
10111001001100001011101000010111
10111001001110101011101000001111
10111001010000111011101000000111
10111001010011011011100111111110
10111001010101101011100111110110
10111001010111111011100111101101
10111001011010011011100111100101
10111001011100101011100111011100
10111001011110111011100111010100
10111001100001001011100111001011
10111001100011011011100111000011
10111001100101101011100110111010
10111001100111111011100110110001
10111001101010001011100110101000
10111001101100011011100110011111
10111001101110101011100110010110
10111001110000111011100110001101
10111001110010111011100110000100
10111001110101001011100101111011
10111001110111001011100101110010
10111001111001011011100101101001
10111001111011011011100101011111
10111001111101101011100101010110
10111001111111101011100101001101
10111010000001111011100101000011
10111010000011111011100100111010
10111010000101111011100100110000
10111010000111111011100100100111
10111010001001111011100100011101
10111010001011111011100100010011
10111010001101111011100100001001
10111010001111111011100100000000
10111010010001111011100011110110
10111010010011111011100011101100
10111010010101101011100011100010
10111010010111101011100011011000
10111010011001011011100011001110
10111010011011011011100011000100
10111010011101001011100010111010
10111010011111001011100010110000
10111010100000111011100010100110
10111010100010101011100010011011
10111010100100101011100010010001
10111010100110011011100010000111
10111010101000001011100001111100
10111010101001111011100001110010
10111010101011101011100001100111
10111010101101011011100001011101
10111010101111001011100001010010
10111010110000101011100001001000
10111010110010011011100000111101
10111010110100001011100000110010
10111010110101101011100000101000
10111010110111011011100000011101
10111010111000111011100000010010
10111010111010011011100000000111
10111010111100001011011111111001
10111010111101101011011111100011
10111010111111001011011111001101
10111011000000101011011110110111
10111011000010001011011110100001
10111011000011101011011110001011
10111011000101001011011101110101
10111011000110101011011101011110
10111011001000001011011101001000
10111011001001011011011100110010
10111011001010111011011100011011
10111011001100001011011100000101
10111011001101101011011011101110
10111011001110111011011011010111
10111011010000011011011011000001
10111011010001101011011010101010
10111011010010111011011010010011
10111011010100001011011001111100
10111011010101011011011001100101
10111011010110101011011001001110
10111011010111111011011000110111
10111011011001001011011000011111
10111011011010011011011000001000
10111011011011101011010111110001
10111011011100101011010111011010
10111011011101111011010111000010
10111011011110111011010110101011
10111011100000001011010110010011
10111011100001001011010101111100
10111011100010001011010101100100
10111011100011001011010101001100
10111011100100011011010100110100
10111011100101011011010100011101
10111011100110011011010100000101
10111011100111011011010011101101
10111011101000001011010011010101
10111011101001001011010010111101
10111011101010001011010010100101
10111011101010111011010010001101
10111011101011111011010001110101
10111011101100101011010001011101
10111011101101101011010001000100
10111011101110011011010000101100
10111011101111001011010000010100
10111011110000001011001111110111
10111011110000111011001111000110
10111011110001101011001110010110
10111011110010011011001101100101
10111011110010111011001100110100
10111011110011101011001100000011
10111011110100011011001011010010
10111011110101001011001010100001
10111011110101101011001001101111
10111011110110011011001000111110
10111011110110111011001000001101
10111011110111011011000111011011
10111011111000001011000110101010
10111011111000101011000101111001
10111011111001001011000101000111
10111011111001101011000100010101
10111011111010001011000011100100
10111011111010101011000010110010
10111011111011001011000010000000
10111011111011011011000001001110
10111011111011111011000000011101
10111011111100011010111111010110
10111011111100101010111101110010
10111011111101001010111100001110
10111011111101011010111010101010
10111011111101101010111001000110
10111011111101111010110111100010
10111011111110001010110101111110
10111011111110011010110100011010
10111011111110101010110010110101
10111011111110111010110001010001
10111011111111001010101111011001
10111011111111011010101100010001
10111011111111101010101001001000
10111011111111101010100101111111
10111011111111111010100010110110
10111011111111111010011111011010
10111011111111111010011001001000
10111100000000001010010010110110
10111100000000001010001001001000
10111100000000001001111001001000
