0011111110000000000000000000000000000000000000000000000000000000
0011111101111111111111101100010010111011110010010000111110001000
0011111101111111111110110001000110111100010010010000111010010000
0011111101111111111101001110011010111100100101101100100110110110
0011111101111111111011000100001110111100110010010000101010110000
0011111101111111111000010010100110111100111110110100100110111010
0011111101111111110100111001011110111101000101101100001100101100
0011111101111111110000111000111110111101001011111110000000000111
0011111101111111101100010000111110111101010010001111101100110000
0011111101111111100111000001100010111101011000100001010001101001
0011111101111111100001001010101110111101011110110010101101110100
0011111101111111011010101100011110111101100010100010000000001010
0011111101111111010011100110110110111101100101101010100100000101
0011111101111111001011111001110110111101101000110011000010001100
0011111101111111000011100101100010111101101011111011011010000000
0011111101111110111010101001110110111101101111000011101011000011
0011111101111110110001000110110110111101110010001011110100110110
0011111101111110100110111100100110111101110101010011110110111001
0011111101111110011100001011000010111101111000011011110000101110
0011111101111110010000110010001110111101111011100011100001110110
0011111101111110000100110010010010111101111110101011001001110011
0011111101111101111000001011000110111110000000111001010100000010
0011111101111101101010111100110010111110000010011100111110000110
0011111101111101011101000111010010111110000100000000100010110111
0011111101111101001110101010110010111110000101100100000010000011
0011111101111100111111100111001110111110000111000111011011011110
0011111101111100101111111100100110111110001000101010101110110110
0011111101111100011111101011000010111110001010001101111011111100
0011111101111100001110110010100010111110001011110001000010100010
0011111101111011111101010011000110111110001101010100000010011000
0011111101111011101011001100110110111110001110110110111011001111
0011111101111011011000011111110010111110010000011001101100110111
0011111101111011000101001011111010111110010001111100010111000010
0011111101111010110001010001011010111110010011011110111001100000
0011111101111010011100110000001010111110010101000001010100000001
0011111101111010000111101000010010111110010110100011100110010111
0011111101111001110001111001110110111110011000000101110000010011
0011111101111001011011100100111010111110011001100111110001100110
0011111101111001000100101001100010111110011011001001101001111111
0011111101111000101101000111101110111110011100101011011001010001
0011111101111000010100111111100010111110011110001100111111001100
0011111101110111111100010001000010111110011111101110011011100001
0011111101110111100010111100010110111110100000100111110111000000
0011111101110111001001000001011110111110100001011000011011001110
0011111101110110101110100000011110111110100010001000111010010011
0011111101110110010011011001011110111110100010111001010100000111
0011111101110101110111101100011010111110100011101001101000100010
0011111101110101011011011001011110111110100100011001110111011101
0011111101110100111110100000101110111110100101001010000000110001
0011111101110100100001000010001010111110100101111010000100010111
0011111101110100000010111101110110111110100110101010000010000110
0011111101110011100100010011111110111110100111011001111001111000
0011111101110011000101000100011110111110101000001001101011100101
0011111101110010100101001111100010111110101000111001010111000101
0011111101110010000100110101001010111110101001101000111100010010
0011111101110001100011110101011110111110101010011000011011000100
0011111101110001000010010000100010111110101011000111110011010100
0011111101110000100000000110011010111110101011110111000100111010
0011111101101111111101010111001110111110101100100110001111101111
0011111101101111011010000011000010111110101101010101010011101100
0011111101101110110110001001111010111110101110000100010000101010
0011111101101110010001101011111010111110101110110011000110100000
0011111101101101101100101001001110111110101111100001110101001010
0011111101101101000111000001110110111110110000010000011100011110
0011111101101100100000110101111010111110110000111110111100010101
0011111101101011111010000101100010111110110001101101010100101001
0011111101101011010010110000110010111110110010011011100101010011
0011111101101010101010110111101110111110110011001001101110001011
0011111101101010000010011010011110111110110011110111101111001010
0011111101101001011001011001000110111110110100100101101000001001
0011111101101000101111110011110010111110110101010011011001000001
0011111101101000000101101010100010111110110110000001000001101011
0011111101100111011010111101100010111110110110101110100010000000
0011111101100110101111101100110010111110110111011011111001111001
0011111101100110000011111000100010111110111000001001001001001111
0011111101100101010111100000101110111110111000110110001111111010
0011111101100100101010100101100110111110111001100011001101110101
0011111101100011111101000111001110111110111010010000000010110111
0011111101100011001111000101101010111110111010111100101110111011
0011111101100010100000100001000010111110111011101001010001111001
0011111101100001110001011001100010111110111100010101101011101010
0011111101100001000001101111001010111110111101000001111100000111
0011111101100000010001100010000110111110111101101110000011001011
0011111101011111100000110010011110111110111110011010000000101101
0011111101011110101111100000010110111110111111000101110100100111
0011111101011101111101101011111010111110111111110001011110110010
0011111101011101001011010101001110111111000000001110011111100100
0011111101011100011000011100011110111111000000100100001010110001
0011111101011011100101000001101010111111000000111001110000111101
0011111101011010110001000101000010111111000001001111010010000100
0011111101011001111100100110101010111111000001100100101110000010
0011111101011001000111100110101010111111000001111010000100110110
0011111101011000010010000101001110111111000010001111010110011011
0011111101010111011100000010011010111111000010100100100010101101
0011111101010110100101011110010110111111000010111001101001101011
0011111101010101101110011001001110111111000011001110101011010000
0011111101010100110110110011000110111111000011100011100111011010
0011111101010011111110101100001110111111000011111000011110000100
0011111101010011000110000100100110111111000100001101001111001101
0011111101010010001100111100011010111111000100100001111010110000
0011111101010001010011010011110110111111000100110110100000101010
0011111101010000011001001010111110111111000101001011000000111001
0011111101001111011110100001111110111111000101011111011011011001
0011111101001110100011011001000010111111000101110011110000000111
0011111101001101100111110000001010111111000110000111111111000000
0011111101001100101011100111100110111111000110011100001000000000
0011111101001011101110111111100010111111000110110000001011000110
0011111101001010110001110111111110111111000111000100001000001100
0011111101001001110100010001001010111111000111010111111111010001
0011111101001000110110001011001110111111000111101011110000010010
0011111101000111110111100110010110111111000111111111011011001011
0011111101000110111000100010101010111111001000010010111111111001
0011111101000101111001000000001110111111001000100110011110011001
0011111101000100111000111111010110111111001000111001110110101001
0011111101000011111000100000000010111111001001001101001000100101
0011111101000010110111100010100110111111001001100000010100001010
0011111101000001110110000111000010111111001001110011011001010110
0011111101000000110100001101101010111111001010000110011000000101
0011111100111111110001110110011110111111001010011001010000010101
0011111100111110101111000001101110111111001010101100000010000010
0011111100111101101011101111100110111111001010111110101101001010
0011111100111100101000000000001110111111001011010001010001101001
0011111100111011100011110011101110111111001011100011101111011110
0011111100111010011111001010010010111111001011110110000110100101
0011111100111001011010000100001010111111001100001000010110111011
0011111100111000010100100001011010111111001100011010100000011101
0011111100110111001110100010001110111111001100101100100011001001
0011111100110110001000000110110010111111001100111110011110111100
0011111100110101000001001111001110111111001101010000010011110011
0011111100110011111001111011110010111111001101100010000001101100
0011111100110010110010001100100110111111001101110011101000100011
0011111100110001101010000001110110111111001110000101001000010110
0011111100110000100001011011101110111111001110010110100001000010
0011111100101111011000011010010110111111001110100111110010100100
0011111100101110001110111101111010111111001110111000111100111011
0011111100101101000101000110100110111111001111001010000000000011
0011111100101011111010110100101010111111001111011010111011111001
0011111100101010110000001000001010111111001111101011110000011011
0011111100101001100101000001010110111111001111111100011101100111
0011111100101000011001100000010110111111010000001101000011011010
0011111100100111001101100101011010111111010000011101100001110000
0011111100100110000001010000101010111111010000101101111000101001
0011111100100100110100100010010110111111010000111110001000000000
0011111100100011100111011010100110111111010001001110001111110101
0011111100100010011001111001100110111111010001011110010000000011
0011111100100001001011111111100110111111010001101110001000101010
0011111100011111111101101100101110111111010001111101111001100101
0011111100011110101111000001001010111111010010001101100010110011
0011111100011101011111111101000110111111010010011101000100010010
0011111100011100010000100000110010111111010010101100011101111111
0011111100011011000000101100011010111111010010111011101111111000
0011111100011001110000100000000010111111010011001010111001111001
0011111100011000011111111100000010111111010011011001111100000010
0011111100010111001111000000011110111111010011101000110110010000
0011111100010101111101101101100110111111010011110111101000011111
0011111100010100101100000011100110111111010100000110010010101111
0011111100010011011010000010101010111111010100010100110100111101
0011111100010010000111101011000010111111010100100011001111000110
0011111100010000110100111100110110111111010100110001100001001001
0011111100001111100001111000010010111111010100111111101011000011
0011111100001110001110011101101010111111010101001101101100110001
0011111100001100111010101101000010111111010101011011100110010011
0011111100001011100110100110101110111111010101101001010111100101
0011111100001010010010001010110110111111010101110111000000100110
0011111100001000111101011001101110111111010110000100100001010011
0011111100000111101000010011011010111111010110010001111001101010
0011111100000110010010111000001010111111010110011111001001101010
0011111100000100111101001000010010111111010110101100010001010000
0011111100000011100111000011110110111111010110111001010000011010
0011111100000010010000101011000110111111010111000110000111000111
0011111100000000111001111110010010111111010111010010110101010011
0011111011111111000101111011001010111111010111011111011010111110
0011111011111100010111010010011110111111010111101011111000000101
0011111011111001101000000010110110111111010111111000001100100111
0011111011110110111000001100101110111111011000000100011000100001
0011111011110100000111110000011110111111011000010000011011110010
0011111011110001010110101110101010111111011000011100010110011000
0011111011101110100101000111100110111111011000101000001000010000
0011111011101011110010111011101110111111011000110011110001011010
0011111011101001000000001011011110111111011000111111010001110011
0011111011100110001100110111010110111111011001001010101001011001
0011111011100011011000111111101010111111011001010101111000001011
0011111011100000100100100100111110111111011001100000111110001000
0011111011011101101111100111100110111111011001101011111011001100
0011111011011010111010001000000010111111011001110110101111011000
0011111011011000000100000110101110111111011010000001011010101000
0011111011010101001101100100000110111111011010001011111100111100
0011111011010010010110100000100110111111011010010110010110010001
0011111011001111011110111100101010111111011010100000100110100111
0011111011001100100110111000101110111111011010101010101101111011
0011111011001001101110010101001110111111011010110100101100001100
0011111011000110110101010010100110111111011010111110100001011000
0011111011000011111011110001010110111111011011001000001101011110
0011111011000001000001110001111010111111011011010001110000011101
0011111010111110000111010100101010111111011011011011001010010011
0011111010111011001100011010000010111111011011100100011010111110
0011111010111000010001000010101010111111011011101101100010011110
0011111010110101010101001110110010111111011011110110100000110000
0011111010110010011000111110111110111111011011111111010101110011
0011111010101111011100010011101010111111011100001000000001100110
0011111010101100011111001101010010111111011100010000100100001000
0011111010101001100001101100010010111111011100011000111101010111
0011111010100110100011110001001010111111011100100001001101010010
0011111010100011100101011100010110111111011100101001010011111000
0011111010100000100110101110010110111111011100110001010001000111
0011111010011101100111100111100010111111011100111001000100111111
0011111010011010101000001000011010111111011101000000101111011101
0011111010010111101000010001011110111111011101001000010000100010
0011111010010100101000000011000110111111011101001111101000001011
0011111010010001100111011101110110111111011101010110110110010111
0011111010001110100110100010001010111111011101011101111011000110
0011111010001011100101010000011110111111011101100100110110010111
0011111010001000100011101001001110111111011101101011101000000111
0011111010000101100001101100111010111111011101110010010000010111
0011111010000010011111011100000010111111011101111000101111000101
0011111001111110111001101110000110111111011101111111000100010000
0011111001111000110011111100110010111111011110000101001111111000
0011111001110010101101100101000110111111011110001011010001111011
0011111001101100100110100111111110111111011110010001001010011000
0011111001100110011111000110011010111111011110010110111001001110
0011111001100000010111000001001110111111011110011100011110011101
0011111001011010001110011001011110111111011110100001111010000100
0011111001010100000101010000000110111111011110100111001100000010
0011111001001101111011100110000010111111011110101100010100010110
0011111001000111110001011100001010111111011110110001010010111110
0011111001000001100110110011011110111111011110110110000111111100
0011111000111011011011101100111110111111011110111010110011001101
0011111000110101010000001001100010111111011110111111010100110001
0011111000101111000100001010001010111111011111000011101100101000
0011111000101000110111101111110010111111011111000111111010110000
0011111000100010101010111011011010111111011111001011111111001001
0011111000011100011101101101111010111111011111001111111001110011
0011111000010110010000001000001110111111011111010011101010101100
0011111000010000000010001011011110111111011111010111010001110100
0011111000001001110011111000011010111111011111011010101111001100
0011111000000011100101010000001010111111011111011110000010110001
0011110111111010101100100111001110111111011111100001001100100100
0011110111101110001110000111011010111111011111100100001100100011
0011110111100001101111000010111010111111011111100111000010110000
0011110111010101001111011011100110111111011111101001101111001001
0011110111001000101111010011011010111111011111101100010001101101
0011110110111100001110101100001110111111011111101110101010011101
0011110110101111101101101000000010111111011111110000111001011000
0011110110100011001100001000110010111111011111110010111110011101
0011110110010110101010010000010110111111011111110100111001101101
0011110110001010001000000000101010111111011111110110101011000111
0011110101111011001010110111010010111111011111111000010010101011
0011110101100010000101000110100110111111011111111001110000011000
0011110101001000111110110011000010111111011111111011000100001111
0011110100101111111000000000011110111111011111111100001110001111
0011110100010110110000110010110010111111011111111101001110010111
0011110011111011010010011011101010111111011111111110000100101001
0011110011001001000010101011000010111111011111111110110001000011
0011110010010110110010011011011010111111011111111111010011100110
0011110001001001000011101001000010111111011111111111101100010001
0011101111001001000011111000100010111111011111111111111011000100
0010010010001101001100010011001010111111100000000000000000000000
1011101111001001000011111000100010111111011111111111111011000100
1011110001001001000011101001000010111111011111111111101100010001
1011110010010110110010011011011010111111011111111111010011100110
1011110011001001000010101011000010111111011111111110110001000011
1011110011111011010010011011101010111111011111111110000100101001
1011110100010110110000110010110010111111011111111101001110010111
1011110100101111111000000000011110111111011111111100001110001111
1011110101001000111110110011000010111111011111111011000100001111
1011110101100010000101000110100110111111011111111001110000011000
1011110101111011001010110111010010111111011111111000010010101011
1011110110001010001000000000101010111111011111110110101011000111
1011110110010110101010010000010110111111011111110100111001101101
1011110110100011001100001000110010111111011111110010111110011101
1011110110101111101101101000000010111111011111110000111001011000
1011110110111100001110101100001110111111011111101110101010011101
1011110111001000101111010011011010111111011111101100010001101101
1011110111010101001111011011100110111111011111101001101111001001
1011110111100001101111000010111010111111011111100111000010110000
1011110111101110001110000111011010111111011111100100001100100011
1011110111111010101100100111001110111111011111100001001100100100
1011111000000011100101010000001010111111011111011110000010110001
1011111000001001110011111000011010111111011111011010101111001100
1011111000010000000010001011011110111111011111010111010001110100
1011111000010110010000001000001110111111011111010011101010101100
1011111000011100011101101101111010111111011111001111111001110011
1011111000100010101010111011011010111111011111001011111111001001
1011111000101000110111101111110010111111011111000111111010110000
1011111000101111000100001010001010111111011111000011101100101000
1011111000110101010000001001100010111111011110111111010100110001
1011111000111011011011101100111110111111011110111010110011001101
1011111001000001100110110011011110111111011110110110000111111100
1011111001000111110001011100001010111111011110110001010010111110
1011111001001101111011100110000010111111011110101100010100010110
1011111001010100000101010000000110111111011110100111001100000010
1011111001011010001110011001011110111111011110100001111010000100
1011111001100000010111000001001110111111011110011100011110011101
1011111001100110011111000110011010111111011110010110111001001110
1011111001101100100110100111111110111111011110010001001010011000
1011111001110010101101100101000110111111011110001011010001111011
1011111001111000110011111100110010111111011110000101001111111000
1011111001111110111001101110000110111111011101111111000100010000
1011111010000010011111011100000010111111011101111000101111000101
1011111010000101100001101100111010111111011101110010010000010111
1011111010001000100011101001001110111111011101101011101000000111
1011111010001011100101010000011110111111011101100100110110010111
1011111010001110100110100010001010111111011101011101111011000110
1011111010010001100111011101110110111111011101010110110110010111
1011111010010100101000000011000110111111011101001111101000001011
1011111010010111101000010001011110111111011101001000010000100010
1011111010011010101000001000011010111111011101000000101111011101
1011111010011101100111100111100010111111011100111001000100111111
1011111010100000100110101110010110111111011100110001010001000111
1011111010100011100101011100010110111111011100101001010011111000
1011111010100110100011110001001010111111011100100001001101010010
1011111010101001100001101100010010111111011100011000111101010111
1011111010101100011111001101010010111111011100010000100100001000
1011111010101111011100010011101010111111011100001000000001100110
1011111010110010011000111110111110111111011011111111010101110011
1011111010110101010101001110110010111111011011110110100000110000
1011111010111000010001000010101010111111011011101101100010011110
1011111010111011001100011010000010111111011011100100011010111110
1011111010111110000111010100101010111111011011011011001010010011
1011111011000001000001110001111010111111011011010001110000011101
1011111011000011111011110001010110111111011011001000001101011110
1011111011000110110101010010100110111111011010111110100001011000
1011111011001001101110010101001110111111011010110100101100001100
1011111011001100100110111000101110111111011010101010101101111011
1011111011001111011110111100101010111111011010100000100110100111
1011111011010010010110100000100110111111011010010110010110010001
1011111011010101001101100100000110111111011010001011111100111100
1011111011011000000100000110101110111111011010000001011010101000
1011111011011010111010001000000010111111011001110110101111011000
1011111011011101101111100111100110111111011001101011111011001100
1011111011100000100100100100111110111111011001100000111110001000
1011111011100011011000111111101010111111011001010101111000001011
1011111011100110001100110111010110111111011001001010101001011001
1011111011101001000000001011011110111111011000111111010001110011
1011111011101011110010111011101110111111011000110011110001011010
1011111011101110100101000111100110111111011000101000001000010000
1011111011110001010110101110101010111111011000011100010110011000
1011111011110100000111110000011110111111011000010000011011110010
1011111011110110111000001100101110111111011000000100011000100001
1011111011111001101000000010110110111111010111111000001100100111
1011111011111100010111010010011110111111010111101011111000000101
1011111011111111000101111011001010111111010111011111011010111110
1011111100000000111001111110010010111111010111010010110101010011
1011111100000010010000101011000110111111010111000110000111000111
1011111100000011100111000011110110111111010110111001010000011010
1011111100000100111101001000010010111111010110101100010001010000
1011111100000110010010111000001010111111010110011111001001101010
1011111100000111101000010011011010111111010110010001111001101010
1011111100001000111101011001101110111111010110000100100001010011
1011111100001010010010001010110110111111010101110111000000100110
1011111100001011100110100110101110111111010101101001010111100101
1011111100001100111010101101000010111111010101011011100110010011
1011111100001110001110011101101010111111010101001101101100110001
1011111100001111100001111000010010111111010100111111101011000011
1011111100010000110100111100110110111111010100110001100001001001
1011111100010010000111101011000010111111010100100011001111000110
1011111100010011011010000010101010111111010100010100110100111101
1011111100010100101100000011100110111111010100000110010010101111
1011111100010101111101101101100110111111010011110111101000011111
1011111100010111001111000000011110111111010011101000110110010000
1011111100011000011111111100000010111111010011011001111100000010
1011111100011001110000100000000010111111010011001010111001111001
1011111100011011000000101100011010111111010010111011101111111000
1011111100011100010000100000110010111111010010101100011101111111
1011111100011101011111111101000110111111010010011101000100010010
1011111100011110101111000001001010111111010010001101100010110011
1011111100011111111101101100101110111111010001111101111001100101
1011111100100001001011111111100110111111010001101110001000101010
1011111100100010011001111001100110111111010001011110010000000011
1011111100100011100111011010100110111111010001001110001111110101
1011111100100100110100100010010110111111010000111110001000000000
1011111100100110000001010000101010111111010000101101111000101001
1011111100100111001101100101011010111111010000011101100001110000
1011111100101000011001100000010110111111010000001101000011011010
1011111100101001100101000001010110111111001111111100011101100111
1011111100101010110000001000001010111111001111101011110000011011
1011111100101011111010110100101010111111001111011010111011111001
1011111100101101000101000110100110111111001111001010000000000011
1011111100101110001110111101111010111111001110111000111100111011
1011111100101111011000011010010110111111001110100111110010100100
1011111100110000100001011011101110111111001110010110100001000010
1011111100110001101010000001110110111111001110000101001000010110
1011111100110010110010001100100110111111001101110011101000100011
1011111100110011111001111011110010111111001101100010000001101100
1011111100110101000001001111001110111111001101010000010011110011
1011111100110110001000000110110010111111001100111110011110111100
1011111100110111001110100010001110111111001100101100100011001001
1011111100111000010100100001011010111111001100011010100000011101
1011111100111001011010000100001010111111001100001000010110111011
1011111100111010011111001010010010111111001011110110000110100101
1011111100111011100011110011101110111111001011100011101111011110
1011111100111100101000000000001110111111001011010001010001101001
1011111100111101101011101111100110111111001010111110101101001010
1011111100111110101111000001101110111111001010101100000010000010
1011111100111111110001110110011110111111001010011001010000010101
1011111101000000110100001101101010111111001010000110011000000101
1011111101000001110110000111000010111111001001110011011001010110
1011111101000010110111100010100110111111001001100000010100001010
1011111101000011111000100000000010111111001001001101001000100101
1011111101000100111000111111010110111111001000111001110110101001
1011111101000101111001000000001110111111001000100110011110011001
1011111101000110111000100010101010111111001000010010111111111001
1011111101000111110111100110010110111111000111111111011011001011
1011111101001000110110001011001110111111000111101011110000010010
1011111101001001110100010001001010111111000111010111111111010001
1011111101001010110001110111111110111111000111000100001000001100
1011111101001011101110111111100010111111000110110000001011000110
1011111101001100101011100111100110111111000110011100001000000000
1011111101001101100111110000001010111111000110000111111111000000
1011111101001110100011011001000010111111000101110011110000000111
1011111101001111011110100001111110111111000101011111011011011001
1011111101010000011001001010111110111111000101001011000000111001
1011111101010001010011010011110110111111000100110110100000101010
1011111101010010001100111100011010111111000100100001111010110000
1011111101010011000110000100100110111111000100001101001111001101
1011111101010011111110101100001110111111000011111000011110000100
1011111101010100110110110011000110111111000011100011100111011010
1011111101010101101110011001001110111111000011001110101011010000
1011111101010110100101011110010110111111000010111001101001101011
1011111101010111011100000010011010111111000010100100100010101101
1011111101011000010010000101001110111111000010001111010110011011
1011111101011001000111100110101010111111000001111010000100110110
1011111101011001111100100110101010111111000001100100101110000010
1011111101011010110001000101000010111111000001001111010010000100
1011111101011011100101000001101010111111000000111001110000111101
1011111101011100011000011100011110111111000000100100001010110001
1011111101011101001011010101001110111111000000001110011111100100
1011111101011101111101101011111010111110111111110001011110110010
1011111101011110101111100000010110111110111111000101110100100111
1011111101011111100000110010011110111110111110011010000000101101
1011111101100000010001100010000110111110111101101110000011001011
1011111101100001000001101111001010111110111101000001111100000111
1011111101100001110001011001100010111110111100010101101011101010
1011111101100010100000100001000010111110111011101001010001111001
1011111101100011001111000101101010111110111010111100101110111011
1011111101100011111101000111001110111110111010010000000010110111
1011111101100100101010100101100110111110111001100011001101110101
1011111101100101010111100000101110111110111000110110001111111010
1011111101100110000011111000100010111110111000001001001001001111
1011111101100110101111101100110010111110110111011011111001111001
1011111101100111011010111101100010111110110110101110100010000000
1011111101101000000101101010100010111110110110000001000001101011
1011111101101000101111110011110010111110110101010011011001000001
1011111101101001011001011001000110111110110100100101101000001001
1011111101101010000010011010011110111110110011110111101111001010
1011111101101010101010110111101110111110110011001001101110001011
1011111101101011010010110000110010111110110010011011100101010011
1011111101101011111010000101100010111110110001101101010100101001
1011111101101100100000110101111010111110110000111110111100010101
1011111101101101000111000001110110111110110000010000011100011110
1011111101101101101100101001001110111110101111100001110101001010
1011111101101110010001101011111010111110101110110011000110100000
1011111101101110110110001001111010111110101110000100010000101010
1011111101101111011010000011000010111110101101010101010011101100
1011111101101111111101010111001110111110101100100110001111101111
1011111101110000100000000110011010111110101011110111000100111010
1011111101110001000010010000100010111110101011000111110011010100
1011111101110001100011110101011110111110101010011000011011000100
1011111101110010000100110101001010111110101001101000111100010010
1011111101110010100101001111100010111110101000111001010111000101
1011111101110011000101000100011110111110101000001001101011100101
1011111101110011100100010011111110111110100111011001111001111000
1011111101110100000010111101110110111110100110101010000010000110
1011111101110100100001000010001010111110100101111010000100010111
1011111101110100111110100000101110111110100101001010000000110001
1011111101110101011011011001011110111110100100011001110111011101
1011111101110101110111101100011010111110100011101001101000100010
1011111101110110010011011001011110111110100010111001010100000111
1011111101110110101110100000011110111110100010001000111010010011
1011111101110111001001000001011110111110100001011000011011001110
1011111101110111100010111100010110111110100000100111110111000000
1011111101110111111100010001000010111110011111101110011011100001
1011111101111000010100111111100010111110011110001100111111001100
1011111101111000101101000111101110111110011100101011011001010001
1011111101111001000100101001100010111110011011001001101001111111
1011111101111001011011100100111010111110011001100111110001100110
1011111101111001110001111001110110111110011000000101110000010011
1011111101111010000111101000010010111110010110100011100110010111
1011111101111010011100110000001010111110010101000001010100000001
1011111101111010110001010001011010111110010011011110111001100000
1011111101111011000101001011111010111110010001111100010111000010
1011111101111011011000011111110010111110010000011001101100110111
1011111101111011101011001100110110111110001110110110111011001111
1011111101111011111101010011000110111110001101010100000010011000
1011111101111100001110110010100010111110001011110001000010100010
1011111101111100011111101011000010111110001010001101111011111100
1011111101111100101111111100100110111110001000101010101110110110
1011111101111100111111100111001110111110000111000111011011011110
1011111101111101001110101010110010111110000101100100000010000011
1011111101111101011101000111010010111110000100000000100010110111
1011111101111101101010111100110010111110000010011100111110000110
1011111101111101111000001011000110111110000000111001010100000010
1011111101111110000100110010010010111101111110101011001001110011
1011111101111110010000110010001110111101111011100011100001110110
1011111101111110011100001011000010111101111000011011110000101110
1011111101111110100110111100100110111101110101010011110110111001
1011111101111110110001000110110110111101110010001011110100110110
1011111101111110111010101001110110111101101111000011101011000011
1011111101111111000011100101100010111101101011111011011010000000
1011111101111111001011111001110110111101101000110011000010001100
1011111101111111010011100110110110111101100101101010100100000101
1011111101111111011010101100011110111101100010100010000000001010
1011111101111111100001001010101110111101011110110010101101110100
1011111101111111100111000001100010111101011000100001010001101001
1011111101111111101100010000111110111101010010001111101100110000
1011111101111111110000111000111110111101001011111110000000000111
1011111101111111110100111001011110111101000101101100001100101100
1011111101111111111000010010100110111100111110110100100110111010
1011111101111111111011000100001110111100110010010000101010110000
1011111101111111111101001110011010111100100101101100100110110110
1011111101111111111110110001000110111100010010010000111010010000
1011111101111111111111101100010010111011110010010000111110001000
